,Food_items,VegNovVeg,Junk Food,Calories,Fats,Proteins,Iron,Calcium,Sodium,Potassium,Carbohydrates,Fibre,VitaminD,Sugars
1,Avocados,0,0,160,15.0,2.0,0.55,12.0,7.0,485.0,8.5,6.7,0,0.7
2,Bananas,0,0,89,0.3,1.1,0.26,5.0,1.0,358.0,23.0,2.6,0,12.0
4,Berries,0,0,349,0.4,14.0,6.8,190.0,298.0,77.0,77.0,13.0,0,46.0
8,American cheese,0,0,331,24.0,20.0,0.84,497.0,966.0,363.0,8.3,0.0,0,0.0
9,Coffee,0,0,2,0.0,0.3,0.02,2.0,1.0,50.0,0.2,0.0,0,0.0
10,Corn,0,0,97,1.4,3.3,0.55,2.0,253.0,3.3,22.0,2.7,0,7.7
12,Grapes,0,0,93,2.1,5.6,2.63,363.0,9.0,272.0,17.0,11.0,0,6.3
13,Milk,0,0,97,6.9,3.8,0.12,169.0,52.0,178.0,5.2,0.0,0,0.0
14,Cashew Nuts,0,0,553,44.0,18.0,6.68,37.0,12.0,660.0,30.0,3.3,0,5.9
16,Orange,0,0,97,0.2,1.5,0.8,161.0,3.0,212.0,25.0,11.0,0,0.0
18,Pears,0,0,57,0.1,0.4,0.18,9.0,1.0,116.0,15.0,3.1,0,9.8
20,Protein Powder,0,0,411,17.0,46.0,8.57,500.0,329.0,1129.0,19.0,7.1,200,5.7
32,Pop Corn - Caramel,0,0,381,1.4,2.0,0.8,18.0,286.0,110.0,90.0,2.5,0,65.0
33,Pop Corn,0,0,429,9.5,13.0,2.28,11.0,490.0,241.0,73.0,14.0,0,0.5
34,Dosa,0,0,168,3.7,4.5,8.0,0.7,94.0,76.0,29.0,0.9,0,0.1
35,Idli,0,0,156,1.7,5.0,17.2,4.0,207.0,63.0,30.2,2.1,0,0.74
36,Poha,0,0,130,1.5,2.6,3.16,1.0,201.0,117.0,26.9,1.1,0,0.5
38,Tomato,0,0,16,0.2,1.2,0.47,5.0,42.0,212.0,3.2,0.9,0,2.63
39,Yogurt,0,0,60,4.0,3.1,0.08,183.0,70.0,234.0,7.0,0.0,1,7.0
40,Brownie,0,0,407,6.2,4.4,3.81,17.0,457.0,51.0,84.0,2.9,0,55.0
42,Uttapam,0,0,188,7.2,4.4,24.0,6.4,522.0,91.0,26.4,2.2,0,0.24
43,Bhaji Pav,0,1,151,2.4,9.0,37.4,3.4,438.0,180.0,29.3,1.0,0,1.35
45,Almonds,0,0,579,50.0,21.0,3.71,269.0,1.0,733.0,22.0,13.0,0,4.4
46,Mushrooms,0,0,22,0.3,3.1,0.5,3.0,5.0,318.0,3.3,1.0,7,2.0
47,Egg Yolk cooked,1,0,196,15.0,14.0,1.89,62.0,207.0,152.0,0.8,0.0,88,0.4
48,Sweet Potatoes cooked,0,0,76,0.1,1.4,0.72,27.0,27.0,230.0,18.0,2.5,0,5.7
49,Boiled Potatoes,0,0,87,0.1,1.9,0.31,5.0,240.0,379.0,20.0,2.0,0,0.9
51,Orange juice,0,0,45,0.2,0.7,0.2,11.0,1.0,200.0,10.0,0.2,0,8.4
52,Greek yogurt plain,0,0,73,1.9,10.0,0.04,115.0,34.0,141.0,3.9,0.0,0,3.6
53,Oat Bran Cooked,0,0,40,0.9,3.2,0.88,10.0,1.0,92.0,11.0,2.6,0,0.0
54,Green Tea,0,0,1,0.0,0.2,0.02,0.0,1.0,0.2,0.0,0.0,0,0.0
55,Chia seeds,0,0,486,31.0,17.0,7.72,631.0,16.0,407.0,42.0,34.0,0,0.0
58,Cereals-Corn Flakes,0,0,384,0.9,5.9,19.4,2.0,571.0,107.0,88.0,2.7,286,7.8
62,Tea,0,0,1,0.0,0.0,0.08,2.0,1.0,9.0,0.2,0.0,0,0.0
63,Apples,0,0,52,0.2,0.3,0.12,6.0,1.0,107.0,14.0,24.0,0,10.0
64,Strawberries,0,0,32,0.3,0.7,0.41,16.0,1.0,153.0,7.7,2.0,0,4.9
65,Quninoa,0,0,120,1.9,4.4,1.49,17.0,7.0,172.0,21.0,2.8,0,0.9
76,Nachos,0,0,350,22.0,4.3,0.75,63.0,313.0,362.0,35.0,3.2,0,2.2
80,Beef sticks,1,0,550,50.0,22.0,3.4,68.0,1531.0,257.0,5.4,0.0,0,0.0
81,Banana Chips,0,0,519,34.0,2.3,1.25,18.0,6.0,536.0,58.0,7.7,0,35.0
82,Honey,0,0,304,0.0,0.3,0.42,6.0,4.0,52.0,82.0,0.2,0,82.0
87,Chocolate milk,0,1,535,30.0,7.7,2.35,189.0,79.0,372.0,59.0,3.4,0,52.0
97,somosas,0,1,51,2.6,0.9,0.0,0.0,0.0,0.0,5.9,0.9,0,0.0
121,khajuri puff,0,1,551,28.0,8.0,0.0,0.0,0.0,0.0,50.0,0.0,0,0.7
123,puri,0,0,107,3.4,2.7,0.9,10.0,247.0,58.0,16.8,1.7,0,0.1
125,aloo paratha,0,0,329,6.2,9.1,3.06,50.0,15.0,982.0,62.3,10.1,0,3.9
142,Malpuwa,0,0,88,4.0,3.0,0.72,0.0,46.0,0.0,9.0,0.0,0,12.0
145,Dhikri,0,0,204,2.0,4.0,0.0,0.0,0.0,0.0,42.0,0.0,0,0.0
150,Gwaramari,0,0,190,0.5,7.0,0.27,60.0,450.0,0.0,39.0,1.0,0,0.0
154,chana masala,0,0,565,10.4,18.5,3.51,84.0,300.0,311.0,92.0,7.3,0,0.1
156,Digestive Biscuits,0,0,71,3.1,1.1,0.0,0.0,0.1,0.0,9.3,0.5,0,0.0
157,Hide and Sick,0,0,750,27.0,9.0,2.7,0.0,165.0,0.0,120.0,0.0,0,63.0
158,Donuts,0,0,310,18.0,4.0,1.44,60.0,350.0,0.0,32.0,1.0,0,11.0
